       C3b;B;D;P;C3a;C3bB;C3bBb;C3bBbp;C3 Convertase;C5bC6
range;  60;75;50;55;55;65 ;70   ;75    ;105         ;90
cost;   30;50;40;60;20;60 ;45   ;65    ;80          ;55
cut;    (0,0,36,0);(70,0,36,0);(105,0,36,0);(140,0,36,0);(35,0,36,0);(0,90,36,0);(35,90,36,0);(70,90,36,0);(105,90,36,0);(0,125,36,0)
wait;     20;20;21;22;19;24;25;19;19;19
base;     C3 Convertase;C3b;C3bB;C3bBb;C3b;C3b;C3bB;C3bBb;C3bBbp;C5b
combine;  C5 Convertase;C3bB;C3bBb;C3bBbp;C3;;;;;
lvl;      0;0;0;0;0;1;1;1;1;1
data; [70,1];[80,1];[60,1];[60,1];[50,1];[80,1];[80,1];[90,1];[90,1];[60,1]
u_c;[15,30,20,70];[25,35,10,80];[20,25,15,85];[20,25,25,90];[15,25,15,75];[15,30,20,70];[15,30,20,70];[15,30,20,70];[15,30,20,70];[20,35,15,75]
info;base protein, check tower info;combines with C3b;combines with C3bB;combines with C3bBb;smol,combines with C3b;;;;;
.
        C5;C6;C7;C8;C9;C3;C5a;C5 Convertase;C1r
range;   300;55;50;60;45;90;55 ;125;55
cost;    200;50;45;55;35;50;50 ;70;45
cut;     (275,35,36,0);(0,35,36,0);(35,35,36,0);(70,35,36,0);(105,35,36,0);(275,0,36,0);(245,0,36,0);(140,90,36,0);(175,35,36,0)
wait;    18;21;22;23;24;19;20;18;21
base;     C5b;C5b;C5bC6;C5b-C7;Attack Complex;C3b;C5b;C3 Convertase;C1q
combine;  ;C5bC6;C5b-C7;C5b-C8;new;;C5;;C1 Complex (1)
lvl;      1;0;0;0;0;1;1;1;0
data;[140,1];[70,1];[80,1];[60,1];[50,1];[70,1];[50,1];[90,1];[60,1]
u_c;[20,35,15,75];[10,40,20,80];[20,35,20,85];[15,35,20,90];[5,30,20,70];[15,30,20,70];[10,30,15,95];[15,30,20,70];[15,30,20,75]
info;;combines with C5b;combines with C5bC6;combines with C5b-C7;combines with Attack Complex;;also smol;;combines with C1q
.
          C5b-C8;C5b-C7;Ba;C5b;MBL;C4;C2;C4a;C4b;C2a
range;       100;95;65;85;140;60;95;85;55;45
cost;        60;55;45;45;110;45;45;45;40;35
cut;      (70,125,36,0);(35,125,36,0);(175,0,36,0);(210,0,36,0);(175,90,36,0);(140,160,36,0);(245,35,36,0);(35,160,36,0);(0,160,36,0);(105,160,36,0)
wait;        19;19;19;20;22;21;21;21;21;21
base;          C5b-C7;C5bC6;;;;C4b;C2b;C4b;;C2b
combine;Attack Complex;C5b-C7;;;;;;C4;;C2
lvl;          1;1;0;0;0;1;1;0;0;0
data;[70,1];[60,1];[50,1];[60,1];[90,1];[90,1];[90,1];[50,1];[60,1];[40,1]
u_c;[20,35,15,75];[20,35,15,75];[10,30,10,70];[20,35,15,75];[30,25,10,65];[15,30,20,70];[5,30,10,80];[10,30,5,80];[15,30,20,70];[5,30,10,80]
info;;;meh;another base protein;draws in viruses;;;combines with C4b;another base protein;combines with C2b
.
           MASP-1;MASP-2;MBL Complex;C2b;C1q;C1s;C1 Complex (1);C1 Complex (2)
range;55;65;60;50;60;65;70;80
cost;60;60;65;40;35;45;50;55
cut;(175,160,36,0);(210,160,36,0);(140,125,36,0);(70,160,36,0);(140,35,36,0);(210,35,36,0);(175,125,36,0);(210,125,36,0)
wait;20;20;19;22;21;21;20;20
base;;MASP-1;MASP-1;C4b;;C1 Complex (1);C1q;C1 Complex (1)
combine;;MBL Complex;;C3 Convertase;;C1 Complex (2);;
lvl;0;0;1;0;0;0;1;1
data;[70,1];[80,1];[90,1];[60,1];[70,1];[60,1];[70,1];[80,1]
u_c;[35,35,5,70];[35,35,5,70];[35,35,5,70];[5,35,5,80];[10,30,15,85];[5,35,10,80];[10,30,15,85];[10,30,15,85]
info;Lectin pathway;combines with MASP-1;combines with C4b;combines with C4b;another base protein;combines with C1 Complex (1);;
